[1] "NA data years for duration1:"
 [1] 1982 1985 1986 1987 1989 1991 1993 1994 2000 2004 2009
Yearly Seasonal Extreme Year/Value Correlation P_val: 0.003596 
[1] "NA data years for duration1:"
 [1] 1982 1985 1986 1987 1989 1991 1993 1994 2000 2004 2009
DIC vals for duration 1 :
[1] 603.5389
[1] 579.3309
[1] 574.0069
[1] 604.6083
[1] 589.5828
[1] 638.0166
[1] "NA data years for duration2:"
 [1] 1982 1985 1986 1987 1989 1991 1993 1994 2000 2004 2009
DIC vals for duration 2 :
[1] 605.9299
[1] 558.6792
[1] 554.8077
[1] 598.4298
[1] 555.4308
[1] 563.272
[1] "NA data years for duration3:"
 [1] 1982 1985 1986 1987 1989 1991 1993 1994 2000 2004 2009
DIC vals for duration 3 :
[1] 608.9457
[1] 582.6188
[1] 582.5553
[1] 619.9672
[1] 593.6932
[1] 594.3278
[1] "NA data years for duration4:"
 [1] 1982 1985 1986 1987 1989 1991 1993 1994 2000 2004 2009
DIC vals for duration 4 :
[1] 600.235
[1] 593.6577
[1] 584.377
[1] 603.6456
[1] 588.2423
[1] 589.0383
[1] "NA data years for duration5:"
 [1] 1982 1985 1986 1987 1989 1991 1993 1994 2000 2004 2009
DIC vals for duration 5 :
[1] 603.4579
[1] 585.8104
[1] 623.5637
[1] 605.7699
[1] 596.4721
[1] 588.5833
[1] "NA data years for duration6:"
 [1] 1982 1985 1986 1987 1989 1991 1993 1994 2000 2004 2009
DIC vals for duration 6 :
[1] 593.9951
[1] 599.616
[1] 579.2233
[1] 596.7016
[1] 610.2033
[1] 603.3834
[1] "NA data years for duration7:"
 [1] 1982 1985 1986 1987 1989 1991 1993 1994 2000 2004 2009
DIC vals for duration 7 :
[1] 583.5942
[1] 580.2845
[1] 572.2198
[1] 588.591
[1] 585.768
[1] 581.8334
[1] "NA data years for duration10:"
 [1] 1982 1985 1986 1987 1989 1991 1993 1994 2000 2004 2009
DIC vals for duration 10 :
[1] 569.6844
[1] 578.1333
[1] 556.0195
[1] 580.2882
[1] 548.6822
[1] 597.366
