[1] "NA data years for duration1:"
 [1] 1989 1993 1997 1998 2010 2011 2014 2015 2016 2017
Yearly Seasonal Extreme Year/Value Correlation P_val: 0.04107 
[1] "NA data years for duration1:"
 [1] 1989 1993 1997 1998 2010 2011 2014 2015 2016 2017
DIC vals for duration 1 :
[1] 563.6045
[1] 557.4386
[1] 565.9732
[1] 577.1947
[1] 560.17
[1] 567.8257
[1] "NA data years for duration2:"
 [1] 1989 1993 1997 1998 2010 2011 2014 2015 2016 2017
DIC vals for duration 2 :
[1] 564.3298
[1] 559.9868
[1] 569.8934
[1] 580.348
[1] 567.5309
[1] 569.5774
[1] "NA data years for duration3:"
 [1] 1989 1993 1997 1998 2010 2011 2012 2014 2015 2016 2017
DIC vals for duration 3 :
[1] 575.0609
[1] 574.5517
[1] 585.9872
[1] 586.7304
[1] 596.3986
[1] 584.1874
[1] "NA data years for duration4:"
 [1] 1989 1993 1997 1998 2010 2011 2012 2014 2015 2016 2017
DIC vals for duration 4 :
[1] 574.002
[1] 571.9351
[1] 590.304
[1] 582.6559
[1] 570.313
[1] 579.4215
[1] "NA data years for duration5:"
 [1] 1989 1993 1997 1998 2010 2011 2012 2014 2015 2016 2017
DIC vals for duration 5 :
[1] 565.1498
[1] 579.5725
[1] 616.9457
[1] 570.6616
[1] 568.0616
[1] 568.3282
[1] "NA data years for duration6:"
 [1] 1989 1993 1997 1998 2010 2011 2012 2014 2015 2016 2017
DIC vals for duration 6 :
[1] 575.7058
[1] 569.653
[1] 567.5868
[1] 573.9406
[1] 577.9016
[1] 572.1768
[1] "NA data years for duration7:"
 [1] 1989 1993 1997 1998 2010 2011 2012 2014 2015 2016 2017
DIC vals for duration 7 :
[1] 566.3853
[1] 563.6517
[1] 565.8352
[1] 573.4891
[1] 571.7736
[1] 582.2048
[1] "NA data years for duration10:"
 [1] 1989 1993 1997 1998 2010 2011 2012 2014 2015 2016 2017
DIC vals for duration 10 :
[1] 563.6883
[1] 561.1026
[1] 574.3606
[1] 569.5236
[1] 554.7347
[1] 560.1972
