[1] "NA data years for duration1:"
 [1] 1987 1989 1992 1993 1994 1995 1996 1997 1998 1999 2000 2001 2003 2004 2005
[16] 2006 2007 2008 2010 2011 2013 2015 2016 2017 2018
Yearly Seasonal Extreme Year/Value Correlation P_val: 5.187e-07 
[1] "NA data years for duration1:"
 [1] 1987 1989 1992 1993 1994 1995 1996 1997 1998 1999 2000 2001 2003 2004 2005
[16] 2006 2007 2008 2010 2011 2013 2015 2016 2017 2018
DIC vals for duration 1 :
[1] 624.0193
[1] 629.5374
[1] 627.9392
[1] 622.5363
[1] 586.9214
[1] 585.4178
[1] "NA data years for duration2:"
 [1] 1987 1989 1992 1993 1994 1995 1996 1997 1998 1999 2000 2001 2003 2004 2005
[16] 2006 2007 2008 2010 2011 2013 2015 2016 2017 2018
DIC vals for duration 2 :
[1] 629.0388
[1] 601.1061
[1] 633.0863
[1] 625.6449
[1] 655.1643
[1] 587.6731
[1] "NA data years for duration3:"
 [1] 1987 1989 1992 1993 1994 1995 1996 1997 1998 1999 2000 2001 2003 2004 2005
[16] 2006 2007 2008 2010 2011 2013 2015 2016 2017 2018
DIC vals for duration 3 :
[1] 568.9576
[1] 536.149
[1] 544.7278
[1] 566.5217
[1] 550.6099
[1] 539.4603
[1] "NA data years for duration4:"
 [1] 1987 1989 1992 1993 1994 1995 1996 1997 1998 1999 2000 2001 2003 2004 2005
[16] 2006 2007 2008 2010 2011 2013 2015 2016 2017 2018
DIC vals for duration 4 :
[1] 584.0333
[1] 537.8208
[1] 555.6963
[1] 574.5494
[1] 558.868
[1] 538.029
[1] "NA data years for duration5:"
 [1] 1987 1989 1992 1993 1994 1995 1996 1997 1998 1999 2000 2001 2003 2004 2005
[16] 2006 2007 2008 2010 2011 2013 2015 2016 2017 2018
DIC vals for duration 5 :
[1] 580.9286
[1] 556.7841
[1] 553.3026
[1] 576.2233
[1] 556.5204
[1] 538.0374
[1] "NA data years for duration6:"
 [1] 1987 1989 1992 1993 1994 1995 1996 1997 1998 1999 2000 2001 2003 2004 2005
[16] 2006 2007 2008 2010 2011 2013 2015 2016 2017 2018
DIC vals for duration 6 :
[1] 557.5071
[1] 506.455
[1] 526.5849
[1] 554.6868
[1] 510.6099
[1] 507.8838
[1] "NA data years for duration7:"
 [1] 1987 1989 1992 1993 1994 1995 1996 1997 1998 1999 2000 2001 2003 2004 2005
[16] 2006 2007 2008 2010 2011 2013 2015 2016 2017 2018
DIC vals for duration 7 :
[1] 538.3736
[1] 518.4017
[1] 521.2522
[1] 547.6213
[1] 497.9532
[1] 502.9391
[1] "NA data years for duration10:"
 [1] 1987 1989 1992 1993 1994 1995 1996 1997 1998 1999 2000 2001 2003 2004 2005
[16] 2006 2007 2008 2010 2011 2013 2015 2016 2017 2018
DIC vals for duration 10 :
[1] 484.9877
[1] 425.4268
[1] 431.2643
[1] 486.5021
[1] 429.9217
[1] 435.6134
