[1] "NA data years for duration1:"
 [1] 1986 1987 1988 1994 1997 2004 2005 2006 2007 2008 2011 2012 2013 2014 2015
[16] 2016 2017 2018
Yearly Seasonal Extreme Year/Value Correlation P_val: 0.001065 
[1] "NA data years for duration1:"
 [1] 1986 1987 1988 1994 1997 2004 2005 2006 2007 2008 2011 2012 2013 2014 2015
[16] 2016 2017 2018
DIC vals for duration 1 :
[1] 549.491
[1] 525.937
[1] 535.3567
[1] 552.9838
[1] 523.7976
[1] 527.8618
[1] "NA data years for duration2:"
 [1] 1986 1987 1988 1994 1997 2004 2005 2006 2007 2008 2011 2012 2013 2014 2015
[16] 2016 2017 2018
DIC vals for duration 2 :
[1] 554.8748
[1] 542.256
[1] 545.472
[1] 554.2597
[1] 583.4691
[1] 574.3582
[1] "NA data years for duration3:"
 [1] 1986 1987 1988 1994 1997 2004 2005 2006 2007 2008 2011 2012 2013 2014 2015
[16] 2016 2017 2018
DIC vals for duration 3 :
[1] 580.6904
[1] 570.0759
[1] 654.1883
[1] 600.8327
[1] 586.2939
[1] 573.468
[1] "NA data years for duration4:"
 [1] 1986 1987 1988 1994 1997 2004 2005 2006 2007 2008 2011 2012 2013 2014 2015
[16] 2016 2017 2018
DIC vals for duration 4 :
[1] 563.0007
[1] 560.2299
[1] 559.9434
[1] 567.044
[1] 559.7265
[1] 577.7386
[1] "NA data years for duration5:"
 [1] 1986 1987 1988 1994 1997 2004 2005 2006 2007 2008 2011 2012 2013 2014 2015
[16] 2016 2017 2018
DIC vals for duration 5 :
[1] 562.4345
[1] 559.1747
[1] 562.2585
[1] 565.7913
[1] 556.2843
[1] 563.5934
[1] "NA data years for duration6:"
 [1] 1986 1987 1988 1994 1997 2004 2005 2006 2007 2008 2011 2012 2013 2014 2015
[16] 2016 2017 2018
DIC vals for duration 6 :
[1] 572.9609
[1] 561.1455
[1] 553.2186
[1] 570.1908
[1] 577.077
[1] 564.6483
[1] "NA data years for duration7:"
 [1] 1986 1987 1988 1994 1997 2004 2005 2006 2007 2008 2011 2012 2013 2014 2015
[16] 2016 2017 2018
DIC vals for duration 7 :
[1] 559.8218
[1] 559.607
[1] 550.2931
[1] 565.9623
[1] 559.074
[1] 551.4478
[1] "NA data years for duration10:"
 [1] 1986 1987 1988 1994 1997 2004 2005 2006 2007 2008 2011 2012 2013 2014 2015
[16] 2016 2017 2018
DIC vals for duration 10 :
[1] 564.9997
[1] 571.5006
[1] 566.7125
[1] 566.0952
[1] 548.7812
[1] 558.6055
