[1] "NA data years for duration1:"
 [1] 1980 1981 1982 1983 1986 1989 2004 2009 2010 2011 2012 2013 2014 2016
Yearly Seasonal Extreme Year/Value Correlation P_val: 0.002246 
[1] "NA data years for duration1:"
 [1] 1980 1981 1982 1983 1986 1989 2004 2009 2010 2011 2012 2013 2014 2016
DIC vals for duration 1 :
[1] 619.9117
[1] 594.5188
[1] 639.7193
[1] 605.7844
[1] 604.0275
[1] 616.5129
[1] "NA data years for duration2:"
 [1] 1980 1981 1982 1983 1986 1989 2004 2009 2010 2011 2012 2013 2014 2016
DIC vals for duration 2 :
[1] 601.6686
[1] 606.294
[1] 624.4106
[1] 582.6803
[1] 582.151
[1] 585.5139
[1] "NA data years for duration3:"
 [1] 1980 1981 1982 1983 1986 1989 2004 2009 2010 2011 2012 2013 2014 2016 2017
DIC vals for duration 3 :
[1] 598.5136
[1] 597.4707
[1] 609.0131
[1] 576.9187
[1] 585.7079
[1] 602.572
[1] "NA data years for duration4:"
 [1] 1980 1981 1982 1983 1986 1989 2004 2009 2010 2011 2012 2013 2014 2016 2017
DIC vals for duration 4 :
[1] 596.9115
[1] 597.1768
[1] 598.4521
[1] 583.8872
[1] 583.6106
[1] 603.4087
[1] "NA data years for duration5:"
 [1] 1980 1981 1982 1983 1986 1989 2004 2009 2010 2011 2012 2013 2014 2016 2017
DIC vals for duration 5 :
[1] 604.2331
[1] 598.979
[1] 602.2594
[1] 578.1888
[1] 578.4513
[1] 633.3
[1] "NA data years for duration6:"
 [1] 1980 1981 1982 1983 1986 1989 2004 2009 2010 2011 2012 2013 2014 2016 2017
DIC vals for duration 6 :
[1] 591.6308
[1] 585.943
[1] 590.608
[1] 568.0157
[1] 578.7931
[1] 581.0219
[1] "NA data years for duration7:"
 [1] 1980 1981 1982 1983 1986 1989 2004 2009 2010 2011 2012 2013 2014 2016 2017
DIC vals for duration 7 :
[1] 596.2265
[1] 597.5853
[1] 603.3477
[1] 567.3983
[1] 581.4154
[1] 582.7016
[1] "NA data years for duration10:"
 [1] 1980 1981 1982 1983 1986 1989 2004 2009 2010 2011 2012 2013 2014 2016 2017
DIC vals for duration 10 :
[1] 591.8624
[1] 578.5148
[1] 581.7003
[1] 567.368
[1] 576.6633
[1] 581.3032
