[1] "NA data years for duration1:"
 [1] 1996 1997 1999 2000 2001 2002 2003 2004 2005 2006 2007 2008 2009 2010 2011
[16] 2012 2013
Yearly Seasonal Extreme Year/Value Correlation P_val: 0.01424 
[1] "NA data years for duration1:"
 [1] 1996 1997 1999 2000 2001 2002 2003 2004 2005 2006 2007 2008 2009 2010 2011
[16] 2012 2013
DIC vals for duration 1 :
[1] 477.1773
[1] 475.4172
[1] 494.175
[1] 441.9973
[1] 447.2499
[1] 455.3732
[1] "NA data years for duration2:"
 [1] 1996 1997 1999 2000 2001 2002 2003 2004 2005 2006 2007 2008 2009 2010 2011
[16] 2012 2013
DIC vals for duration 2 :
[1] 461.2402
[1] 459.4843
[1] 464.0584
[1] 440.9547
[1] 440.8678
[1] 458.8664
[1] "NA data years for duration3:"
 [1] 1996 1997 1998 1999 2000 2001 2002 2003 2004 2005 2006 2007 2008 2009 2010
[16] 2011 2012 2013
DIC vals for duration 3 :
[1] 468.5806
[1] 470.0122
[1] 468.4839
[1] 460.6521
[1] 455.8726
[1] 460.2845
[1] "NA data years for duration4:"
 [1] 1996 1997 1998 1999 2000 2001 2002 2003 2004 2005 2006 2007 2008 2009 2010
[16] 2011 2012 2013
DIC vals for duration 4 :
[1] 481.4669
[1] 481.9989
[1] 481.0641
[1] 467.923
[1] 472.8637
[1] 476.3403
[1] "NA data years for duration5:"
 [1] 1996 1997 1998 1999 2000 2001 2002 2003 2004 2005 2006 2007 2008 2009 2010
[16] 2011 2012 2013
DIC vals for duration 5 :
[1] 490.6023
[1] 505.8284
[1] 492.0376
[1] 472.0955
[1] 474.2589
[1] 479.1061
[1] "NA data years for duration6:"
 [1] 1996 1997 1998 1999 2000 2001 2002 2003 2004 2005 2006 2007 2008 2009 2010
[16] 2011 2012 2013
DIC vals for duration 6 :
[1] 489.2585
[1] 489.9569
[1] 494.3033
[1] 473.2573
[1] 465.953
[1] 488.9117
[1] "NA data years for duration7:"
 [1] 1996 1997 1998 1999 2000 2001 2002 2003 2004 2005 2006 2007 2008 2009 2010
[16] 2011 2012 2013
DIC vals for duration 7 :
[1] 484.1641
[1] 494.8333
[1] 505.9355
[1] 478.1865
[1] 461.6339
[1] 475.5646
[1] "NA data years for duration10:"
 [1] 1996 1997 1998 1999 2000 2001 2002 2003 2004 2005 2006 2007 2008 2009 2010
[16] 2011 2012 2013
DIC vals for duration 10 :
[1] 474.8929
[1] 475.6852
[1] 474.6623
[1] 449.1928
[1] 454.6378
[1] 452.2757
